<?xml version="1.0"?>
<opencv_storage>
<Color>1</Color><!--red:0,blue:1,all:2-->
<Target>-1</Target>
<Position>-1</Position>

<P1D1>9</P1D1><!--40:10-->
<P1D2>0</P1D2><!--40:19-->
<P1D3>25</P1D3><!--47:25-->
<P1D4>15</P1D4><!--40:19 50:14-->
<P1D5>5</P1D5><!--40:7-->

<P2D1>11</P2D1><!--40:13 7.27:11-->
<P2D2>12</P2D2>  
<P2D3>8</P2D3>
<P2D4>7</P2D4><!--8-->
<P2D5>11</P2D5><!--14-->

<P3D1>13</P3D1><!--40:13-->
<P3D2>12</P3D2>  
<P3D3>8</P3D3>
<P3D4>8</P3D4>
<P3D5>14</P3D5>

<saveDebug>0</saveDebug>
<saveRecord>1</saveRecord>

<!--  曝光时间   -->
<ExposeTime>25000</ExposeTime><!-- day5000 night75000 105000  -->

</opencv_storage>
